1078
0
111111111111111111
222222
33333
444444
-6037594457613911837
6666
7777
888888888
9999999
11111110
-105207367972887667
133333333332
14443
1555554
16666665
17777777776
1888887
19999999999999998
2111109
9107364040568005516
21
6638723719175980826
25555555553
2666666664
1522294861544758383
288888888888888886
0
3111108
0
3330
341
32
3666666663
3777774
35
396
41107
42222218
43329
-2031462008033786088
-790230650703693601
46662
4777773
-9173201101269004748
49999999999995
511106
5222222217
533333328
5444439
55555550
0
57777777777772
0
54
55
6222216
6327
58
65555555549
6660
0
68882
699999993
71111111111104
72222222222222215
-453642961504873138
737
75548
7666666666659
0
-8788185590536106447
72
811111111111103
814
75
8444444444436
8555555555547
86666666658
0
80
81
9111102
922213
84
9435
95555546
966666666657
97768
-4167414532754141649
0
0
92
10333323
10444434
105555545
0
-6547844907132314521
6090964524542955054
